NAME	= LS Factor
DESCRIPTION	= 
UNIT	= 
DATAFORMAT	= FLOAT
DATAFILE_OFFSET	= 0
BYTEORDER_BIG	= FALSE
TOPTOBOTTOM	= FALSE
POSITION_XMIN	= 397823.3916593713
POSITION_YMIN	= 5935914.6064593652
CELLCOUNT_X	= 2529
CELLCOUNT_Y	= 1842
CELLSIZE	= 21.5083187296
Z_FACTOR	= 1.000000
Z_OFFSET	= 0.000000
NODATA_VALUE	= -99999.000000
